20000
0.001000
10
30 40 170
0 4 2.000000
0 16 3.000000
0 17 2.000000
0 18 4.000000
0 19 3.000000
0 20 1.000000
0 22 3.000000
1 7 1.000000
1 9 2.000000
1 20 3.000000
2 11 5.000000
2 24 5.000000
2 25 2.000000
2 38 4.000000
2 39 4.000000
3 1 5.000000
3 2 3.000000
3 15 2.000000
3 20 2.000000
3 26 4.000000
3 27 1.000000
4 8 4.000000
4 31 4.000000
5 6 2.000000
5 17 3.000000
5 34 2.000000
5 37 1.000000
6 7 4.000000
6 15 4.000000
6 30 2.000000
7 23 1.000000
8 13 4.000000
8 19 3.000000
8 25 1.000000
8 31 1.000000
9 4 3.000000
9 10 1.000000
9 12 3.000000
9 21 2.000000
9 29 4.000000
9 39 3.000000
10 13 3.000000
10 24 1.000000
10 30 1.000000
12 6 3.000000
12 7 4.000000
12 11 3.000000
12 13 4.000000
12 17 3.000000
12 20 4.000000
12 27 1.000000
12 30 2.000000
13 8 3.000000
13 20 3.000000
13 27 2.000000
13 28 4.000000
13 32 3.000000
13 35 2.000000
13 36 5.000000
14 0 3.000000
14 5 2.000000
14 13 4.000000
14 17 2.000000
14 18 2.000000
14 20 2.000000
14 23 2.000000
14 24 3.000000
14 27 3.000000
14 28 3.000000
14 35 1.000000
15 0 3.000000
15 1 4.000000
15 7 4.000000
15 16 3.000000
15 17 1.000000
15 18 2.000000
15 19 3.000000
15 20 5.000000
15 22 5.000000
15 26 3.000000
15 33 2.000000
15 36 5.000000
15 38 3.000000
16 10 4.000000
16 19 3.000000
16 28 1.000000
16 29 3.000000
16 35 2.000000
16 38 1.000000
17 1 5.000000
17 3 3.000000
17 6 3.000000
17 10 4.000000
17 12 2.000000
17 15 4.000000
17 17 5.000000
17 19 5.000000
17 28 1.000000
17 30 4.000000
17 31 5.000000
17 39 1.000000
18 6 4.000000
18 7 3.000000
18 8 4.000000
18 13 1.000000
18 17 3.000000
18 30 4.000000
19 2 4.000000
19 4 2.000000
19 12 5.000000
19 13 3.000000
19 23 2.000000
19 33 3.000000
19 38 5.000000
20 16 5.000000
20 36 5.000000
21 0 1.000000
21 3 4.000000
21 13 4.000000
21 14 4.000000
21 23 2.000000
21 24 4.000000
21 33 1.000000
21 39 2.000000
22 4 3.000000
22 5 3.000000
22 7 4.000000
22 17 1.000000
22 18 5.000000
22 20 3.000000
22 25 3.000000
22 34 5.000000
23 9 2.000000
23 14 4.000000
23 24 5.000000
23 34 4.000000
23 36 5.000000
24 4 4.000000
24 5 1.000000
24 14 2.000000
24 25 4.000000
24 35 2.000000
24 38 2.000000
24 39 2.000000
25 4 2.000000
25 17 3.000000
26 2 5.000000
26 5 4.000000
26 10 4.000000
26 13 4.000000
26 17 2.000000
26 23 1.000000
26 24 4.000000
26 26 4.000000
26 33 1.000000
26 39 4.000000
27 5 1.000000
27 8 2.000000
27 9 4.000000
27 17 3.000000
27 25 3.000000
27 26 1.000000
28 13 5.000000
29 0 4.000000
29 1 5.000000
29 4 4.000000
29 13 4.000000
29 31 4.000000
29 34 4.000000
29 38 4.000000
