10
0.000010
1000
1000 1000000 2014
0 35544 4.0
0 504642 3.0
0 660475 3.0
0 677996 1.0
1 11596 4.0
1 205405 3.0
1 319876 1.0
1 398353 4.0
1 921654 3.0
2 88398 3.0
2 96586 4.0
3 12475 3.0
3 217566 2.0
3 913510 4.0
4 520190 2.0
4 615349 3.0
4 880705 3.0
4 891624 2.0
6 648762 5.0
8 729453 5.0
9 447081 3.0
9 505193 4.0
10 128689 2.0
10 520302 3.0
10 575751 2.0
10 706087 3.0
10 798909 3.0
10 941482 2.0
12 936136 2.0
12 959647 4.0
13 255806 2.0
13 967855 2.0
14 232203 4.0
14 930344 5.0
17 226381 4.0
17 819995 2.0
18 52827 3.0
19 205185 4.0
19 772119 2.0
20 13049 3.0
20 673665 5.0
21 31857 1.0
24 646847 3.0
24 655688 3.0
25 723759 4.0
25 893724 2.0
25 939376 1.0
26 331946 1.0
27 10808 1.0
27 337002 1.0
27 785116 1.0
27 809056 3.0
28 39093 4.0
28 196079 4.0
28 274050 3.0
28 340942 2.0
28 549704 2.0
28 788890 3.0
28 807106 4.0
29 53906 3.0
29 823617 1.0
30 544495 2.0
32 356276 3.0
32 587904 3.0
32 658878 4.0
33 177648 3.0
33 452156 4.0
33 535189 3.0
33 683422 4.0
34 183211 1.0
34 268853 2.0
34 627341 3.0
35 426489 1.0
35 876023 4.0
38 239821 5.0
38 615050 5.0
38 677667 3.0
38 847197 3.0
40 827232 4.0
42 769489 3.0
43 190116 2.0
43 350178 4.0
43 679796 5.0
46 67600 4.0
46 201529 4.0
46 302699 4.0
46 408824 3.0
46 427679 4.0
46 827742 3.0
46 840315 4.0
47 815294 3.0
48 76325 1.0
48 130045 4.0
48 438432 2.0
49 13540 2.0
49 790657 3.0
50 80233 4.0
50 580924 3.0
51 53595 3.0
51 390306 5.0
51 688599 3.0
52 87070 3.0
52 139000 4.0
52 209704 2.0
52 418907 4.0
52 629016 3.0
52 691858 3.0
52 700919 1.0
53 102134 2.0
53 777966 1.0
54 1156 5.0
54 375356 1.0
54 499585 3.0
55 221073 2.0
55 734001 4.0
56 240099 5.0
56 686823 3.0
57 237313 3.0
57 627097 3.0
57 655431 5.0
58 842760 4.0
59 333493 4.0
59 453416 4.0
61 72251 2.0
62 120718 2.0
62 249372 2.0
63 234750 3.0
63 506196 3.0
64 4936 5.0
64 35594 2.0
64 264432 2.0
64 416578 2.0
64 451713 3.0
65 92695 3.0
65 659074 3.0
65 863438 2.0
67 750312 5.0
68 99050 2.0
68 634660 4.0
70 265716 4.0
70 730854 3.0
71 456330 4.0
71 677358 2.0
71 808857 4.0
72 430492 2.0
72 594675 4.0
72 684341 5.0
73 76689 3.0
73 125428 2.0
73 207639 4.0
73 543988 5.0
73 916977 5.0
74 40027 4.0
74 360823 4.0
74 688013 4.0
75 539154 4.0
77 156673 4.0
77 197908 1.0
81 313096 3.0
81 563759 2.0
81 715529 1.0
83 691333 3.0
84 353119 1.0
85 608494 5.0
85 858466 4.0
86 211311 3.0
86 415405 4.0
87 101489 1.0
87 557194 1.0
87 562228 1.0
88 782456 2.0
89 159053 4.0
89 168631 1.0
89 769851 3.0
89 881135 2.0
90 153818 2.0
91 367725 3.0
91 453136 2.0
91 538389 4.0
91 579537 3.0
91 596254 4.0
91 756223 4.0
92 27419 4.0
92 446112 4.0
92 827353 3.0
93 340120 2.0
93 597572 5.0
93 760167 1.0
93 936241 5.0
94 69011 1.0
94 108624 3.0
94 220579 4.0
94 277348 2.0
94 355270 1.0
95 142721 2.0
95 408435 5.0
95 618869 2.0
97 17886 4.0
97 188959 4.0
97 535821 5.0
97 623352 4.0
97 768434 1.0
97 849066 3.0
98 341003 1.0
99 249166 4.0
99 895390 5.0
100 395679 5.0
101 542763 4.0
104 332255 3.0
105 586660 5.0
105 728875 4.0
106 131744 2.0
106 309216 4.0
106 401959 1.0
107 240119 4.0
107 754657 5.0
107 908866 5.0
108 309882 4.0
108 683548 4.0
108 714482 2.0
109 585712 4.0
110 44708 1.0
110 607219 5.0
111 301838 3.0
111 424233 2.0
111 616428 1.0
111 903957 4.0
112 213270 1.0
112 859004 2.0
112 890846 3.0
113 123328 2.0
113 171624 2.0
114 192408 2.0
114 495007 3.0
115 563221 1.0
115 575776 5.0
117 277980 1.0
118 118155 2.0
121 466020 1.0
123 98058 3.0
124 155046 4.0
124 163202 2.0
124 356712 5.0
124 492860 3.0
124 797337 3.0
124 989338 3.0
126 416448 4.0
126 565920 3.0
126 609393 3.0
126 914743 4.0
127 267396 3.0
128 314349 3.0
128 835324 5.0
129 134773 4.0
129 739244 3.0
129 835790 4.0
130 98307 4.0
130 491172 2.0
130 493759 4.0
130 518545 2.0
131 333424 1.0
131 946220 2.0
131 979101 3.0
132 42172 2.0
132 110568 2.0
133 577674 4.0
134 245516 5.0
134 915720 5.0
135 87392 5.0
135 514690 2.0
135 779593 2.0
135 808663 2.0
135 870946 2.0
136 670259 3.0
136 838880 2.0
136 898055 4.0
136 969421 2.0
138 169575 3.0
138 178509 4.0
138 273758 5.0
138 730565 4.0
138 844555 4.0
138 920098 5.0
139 46065 4.0
139 303671 4.0
139 474931 1.0
139 545325 2.0
139 586990 5.0
140 181929 3.0
141 930392 2.0
142 635840 5.0
142 638784 4.0
142 902699 3.0
143 125981 3.0
143 196458 4.0
144 802708 3.0
145 36298 3.0
145 734337 1.0
146 574320 5.0
146 924449 2.0
147 409832 4.0
148 194697 3.0
148 260536 2.0
148 540654 5.0
150 901252 4.0
151 996629 2.0
152 152740 1.0
152 158114 3.0
152 220200 4.0
152 527369 5.0
152 924960 3.0
153 188764 3.0
153 658963 2.0
153 906524 4.0
154 129582 4.0
154 769938 1.0
155 155992 4.0
155 300302 2.0
155 334784 4.0
155 783034 4.0
156 230505 4.0
157 433955 1.0
158 279126 5.0
158 659992 4.0
159 13366 1.0
160 724931 4.0
161 221359 3.0
161 403297 4.0
162 196379 4.0
162 206704 1.0
163 97773 2.0
163 161875 3.0
163 205605 4.0
164 856939 5.0
165 298472 1.0
165 380553 3.0
166 402210 2.0
166 430106 2.0
168 155314 4.0
169 137277 4.0
169 865121 2.0
170 512791 1.0
171 416871 4.0
171 597506 3.0
171 621908 2.0
171 993558 2.0
172 418285 1.0
173 295507 2.0
173 784998 3.0
175 379061 3.0
176 701506 2.0
177 288444 5.0
177 345848 2.0
177 351374 2.0
177 984325 1.0
178 266824 4.0
179 858 2.0
179 375085 3.0
179 590334 2.0
180 240137 4.0
180 267931 3.0
180 459774 4.0
181 796957 3.0
182 706955 2.0
183 907566 5.0
183 947545 5.0
184 562674 1.0
184 704261 2.0
185 18869 3.0
185 344140 5.0
185 513885 2.0
185 949082 3.0
186 30247 2.0
186 527259 5.0
186 954334 3.0
187 30385 3.0
187 154094 3.0
187 176415 2.0
187 274632 3.0
187 667935 3.0
188 19074 3.0
188 123883 5.0
188 923943 4.0
189 103468 4.0
189 400141 1.0
189 877834 3.0
189 957391 1.0
190 254487 4.0
190 539469 4.0
192 126508 3.0
193 71915 2.0
194 367376 4.0
194 505847 2.0
194 947928 2.0
195 351744 1.0
196 790669 5.0
196 804754 2.0
196 839419 1.0
196 962465 4.0
197 450749 3.0
198 17610 5.0
198 54233 2.0
199 222804 4.0
199 757266 2.0
200 66989 1.0
200 178208 4.0
201 198255 5.0
201 392480 2.0
201 654253 4.0
202 999750 4.0
203 355676 3.0
203 472419 3.0
203 536832 2.0
204 120567 4.0
204 630825 3.0
204 638619 1.0
204 646691 5.0
204 667049 4.0
208 586 4.0
208 3882 3.0
208 208716 2.0
208 248787 2.0
209 59820 1.0
209 189833 3.0
210 574559 1.0
210 831238 4.0
212 57832 2.0
212 790793 2.0
213 354331 1.0
213 515683 2.0
213 668988 1.0
214 687111 4.0
214 790649 5.0
215 14916 5.0
215 487205 3.0
217 345548 5.0
217 401138 5.0
217 401668 4.0
218 76631 1.0
219 509808 4.0
219 897113 3.0
219 900162 4.0
221 437351 4.0
221 473692 1.0
221 695695 3.0
222 346324 4.0
222 775443 3.0
223 4057 2.0
223 44288 2.0
223 482549 4.0
225 149117 4.0
226 907356 4.0
227 309011 4.0
227 579525 1.0
227 635520 2.0
227 939969 3.0
227 996209 5.0
228 222693 4.0
228 233994 2.0
230 1768 2.0
230 222514 3.0
230 749933 3.0
230 754473 2.0
232 478356 4.0
234 284213 3.0
235 203413 1.0
235 308714 4.0
235 838612 4.0
236 461570 4.0
236 812999 5.0
238 107827 2.0
238 657896 5.0
239 91825 2.0
240 215656 2.0
240 716318 4.0
240 723503 4.0
240 789063 4.0
241 99662 3.0
241 711307 1.0
241 747201 2.0
241 972286 4.0
242 756471 3.0
243 105054 5.0
244 66907 3.0
245 730236 4.0
245 896552 3.0
245 896765 3.0
246 16290 5.0
246 769115 4.0
247 485174 4.0
247 511063 3.0
248 64554 5.0
248 289347 2.0
248 450300 4.0
248 696023 2.0
251 243623 3.0
251 286201 5.0
251 352233 2.0
251 508774 3.0
251 869097 3.0
251 999551 3.0
252 308773 1.0
253 11630 5.0
253 234566 4.0
253 425800 5.0
253 729135 3.0
253 844076 4.0
253 855780 4.0
254 984494 4.0
257 370901 3.0
257 934897 4.0
258 569571 4.0
259 202537 4.0
259 378245 1.0
259 643145 4.0
259 917197 2.0
260 259920 3.0
260 677596 4.0
260 680862 2.0
262 245813 5.0
262 527464 5.0
262 859351 2.0
263 90679 1.0
263 746727 5.0
264 425998 2.0
264 528277 1.0
264 785592 4.0
264 913004 3.0
265 861449 2.0
266 17267 3.0
266 163434 3.0
266 354749 4.0
266 376650 4.0
266 711975 2.0
266 718454 3.0
268 148657 5.0
268 878656 2.0
269 720101 4.0
269 889322 3.0
270 99871 4.0
270 232109 2.0
270 289665 4.0
270 499468 3.0
271 156039 3.0
271 196479 3.0
273 74736 3.0
273 455629 1.0
273 816575 2.0
274 862592 4.0
275 740322 4.0
276 64010 4.0
276 273558 4.0
276 275918 4.0
277 772888 3.0
278 220515 4.0
278 993474 1.0
279 11453 4.0
279 588200 1.0
279 713358 5.0
279 826426 4.0
279 841090 2.0
280 507091 3.0
280 930077 4.0
282 19202 1.0
282 122926 5.0
282 335974 1.0
282 936504 1.0
283 768762 5.0
284 118014 3.0
284 162048 4.0
284 242494 1.0
286 50172 3.0
286 297904 1.0
286 337936 2.0
286 574910 5.0
286 809871 3.0
287 482534 1.0
288 613687 4.0
288 867904 2.0
289 194084 4.0
289 425908 2.0
289 675482 1.0
289 726112 1.0
290 819809 3.0
290 922332 1.0
291 609221 2.0
292 423934 3.0
293 794994 2.0
294 161051 2.0
294 706206 4.0
294 892281 2.0
294 954764 4.0
294 988419 4.0
296 115862 1.0
296 386900 4.0
296 802026 1.0
299 3404 4.0
299 229398 3.0
300 209709 4.0
300 623102 4.0
300 903549 3.0
301 220583 2.0
301 969172 3.0
304 649637 4.0
306 585592 3.0
307 649315 4.0
307 844961 4.0
309 501688 2.0
309 677600 3.0
310 471720 4.0
310 651682 1.0
310 672540 2.0
310 754496 5.0
311 620685 2.0
311 765222 4.0
311 815919 4.0
313 93958 4.0
313 540896 5.0
313 861648 2.0
314 61197 1.0
314 710501 4.0
315 4257 4.0
315 124476 3.0
315 403294 5.0
315 405674 1.0
315 655367 4.0
315 897167 3.0
316 348752 2.0
317 125223 3.0
317 566861 2.0
317 886246 2.0
319 60558 4.0
322 484836 2.0
323 140739 3.0
323 204770 4.0
323 991959 5.0
324 222962 5.0
324 804887 3.0
324 863017 4.0
325 421771 2.0
325 555137 4.0
325 980730 2.0
326 31061 1.0
326 733826 2.0
326 785794 2.0
327 986055 3.0
328 62334 4.0
328 324636 2.0
328 351745 1.0
329 403307 2.0
329 713325 2.0
329 810768 1.0
329 969653 4.0
331 333112 5.0
331 352741 3.0
331 711067 3.0
331 918882 3.0
333 118202 2.0
333 347521 3.0
333 486954 2.0
333 745589 1.0
333 844689 4.0
334 105858 3.0
334 598270 1.0
334 800486 4.0
335 386896 1.0
335 655017 2.0
335 665731 1.0
336 193986 3.0
336 410954 4.0
336 542729 4.0
336 551421 1.0
336 554185 5.0
336 577565 5.0
337 21289 3.0
338 712437 5.0
339 57832 1.0
339 765991 5.0
340 38661 3.0
340 203783 2.0
340 250793 2.0
340 909209 4.0
341 372618 5.0
341 621348 3.0
344 932414 3.0
346 346652 1.0
346 688108 5.0
346 783708 5.0
346 787731 5.0
346 940658 4.0
347 107566 1.0
347 684606 1.0
347 987618 4.0
349 880877 2.0
351 214521 5.0
352 417823 4.0
352 606196 2.0
352 900876 2.0
353 926263 2.0
354 172801 3.0
354 290227 2.0
355 89390 2.0
355 450429 3.0
356 7851 1.0
357 783101 3.0
358 265301 4.0
358 369784 2.0
358 657372 2.0
358 880096 2.0
359 183610 2.0
359 231722 2.0
359 386173 4.0
360 531282 2.0
360 634830 3.0
361 402137 4.0
361 857220 4.0
362 698244 2.0
364 233455 2.0
365 183840 4.0
365 857449 4.0
367 989759 2.0
368 507711 3.0
368 551935 2.0
369 831929 3.0
370 508551 2.0
370 744075 3.0
370 834573 5.0
371 567755 3.0
372 454762 2.0
372 650130 4.0
373 426096 1.0
373 526473 2.0
373 604630 4.0
373 853340 4.0
374 476627 5.0
374 871007 3.0
375 73062 5.0
376 133859 3.0
376 261946 4.0
376 465268 2.0
376 891798 3.0
377 662051 2.0
377 871649 4.0
377 909770 2.0
378 170230 2.0
378 469263 2.0
378 942071 2.0
379 268920 3.0
379 327369 2.0
379 598592 2.0
379 646186 3.0
381 22227 3.0
381 117935 2.0
381 820147 5.0
382 236707 4.0
383 283896 4.0
383 703027 5.0
384 58683 3.0
384 884764 3.0
385 380856 1.0
385 524991 4.0
386 15891 5.0
386 449694 1.0
386 524107 2.0
386 778197 3.0
387 906263 2.0
388 101019 3.0
388 710857 3.0
388 773760 4.0
389 674608 2.0
389 978064 3.0
390 444349 1.0
391 212739 3.0
391 985913 1.0
392 108236 2.0
392 530412 1.0
392 894286 4.0
392 895038 5.0
392 914148 3.0
393 105446 1.0
393 131048 4.0
393 321882 3.0
393 529845 3.0
393 637661 2.0
393 858567 1.0
394 406245 1.0
394 969129 2.0
395 263115 2.0
396 27628 4.0
396 205688 3.0
396 392043 4.0
396 403451 2.0
397 124387 2.0
397 873380 4.0
397 912418 1.0
398 347261 4.0
400 483332 2.0
400 909071 3.0
401 414667 2.0
401 678805 3.0
401 821036 1.0
402 53784 4.0
402 150052 2.0
402 184996 4.0
402 943385 2.0
403 208863 4.0
403 334515 5.0
403 518035 2.0
403 814506 5.0
404 756841 1.0
404 961498 1.0
405 181330 3.0
405 577209 3.0
405 667011 4.0
406 529927 1.0
406 640142 4.0
407 357512 3.0
407 518286 2.0
408 595251 2.0
409 252808 4.0
409 410864 4.0
409 716845 3.0
409 770574 3.0
410 93215 2.0
410 165631 4.0
410 466068 4.0
411 595664 1.0
412 194110 4.0
412 308354 4.0
412 485494 2.0
412 605938 2.0
412 665047 3.0
412 910324 4.0
413 218377 2.0
414 227591 5.0
414 332415 3.0
414 801289 4.0
415 23741 3.0
415 726589 1.0
415 854551 4.0
416 650318 3.0
417 168519 3.0
417 786868 4.0
418 173696 4.0
418 866647 4.0
419 564627 2.0
419 795676 3.0
420 332845 4.0
421 59083 3.0
422 544849 5.0
423 235711 4.0
423 444448 3.0
424 287946 3.0
424 589575 4.0
424 633546 4.0
424 642564 3.0
425 117045 5.0
425 481801 4.0
425 660001 3.0
426 41260 4.0
426 53637 4.0
426 875518 1.0
427 829161 1.0
429 92237 4.0
429 258343 1.0
430 392308 3.0
430 504128 2.0
431 159798 2.0
431 849817 2.0
431 891024 1.0
432 769797 5.0
433 160296 3.0
433 310483 3.0
433 525563 2.0
435 147045 2.0
435 376210 5.0
435 549471 3.0
437 99990 5.0
437 392174 3.0
437 730647 1.0
439 798519 3.0
439 924704 4.0
440 323312 2.0
440 613170 2.0
441 351589 1.0
441 529494 3.0
441 628287 1.0
442 265911 2.0
445 909831 3.0
446 431074 4.0
446 569613 4.0
446 685819 4.0
449 149124 4.0
449 967163 4.0
451 51620 1.0
451 674965 4.0
451 711806 4.0
451 800153 4.0
451 998048 1.0
452 174654 2.0
452 487336 2.0
453 239254 2.0
453 432596 1.0
453 652312 4.0
453 690730 3.0
454 785839 4.0
455 231814 3.0
456 716590 4.0
457 387309 3.0
457 711843 2.0
457 775214 3.0
458 867409 1.0
459 395898 2.0
459 678866 4.0
459 875325 4.0
460 313337 3.0
460 626406 2.0
460 708254 3.0
460 881826 2.0
461 29440 2.0
461 175578 2.0
461 197419 2.0
461 367268 4.0
461 508435 2.0
462 624965 2.0
462 805819 2.0
462 908591 2.0
463 420117 1.0
463 947206 5.0
464 42894 2.0
464 188913 1.0
464 782439 3.0
464 944766 5.0
465 369850 2.0
466 65116 2.0
466 514791 3.0
468 50833 3.0
468 655081 2.0
468 719780 4.0
468 732935 2.0
469 847537 1.0
470 481870 2.0
470 547426 3.0
471 440432 2.0
473 77152 5.0
473 828530 4.0
476 785758 2.0
478 142851 4.0
478 676989 5.0
480 87766 5.0
480 178787 4.0
480 208355 2.0
480 255247 2.0
480 424871 4.0
480 827612 3.0
480 979401 2.0
482 752093 1.0
483 862622 5.0
484 109657 5.0
484 625161 5.0
484 659382 4.0
484 789735 4.0
484 831368 3.0
485 75909 5.0
487 399295 1.0
487 430321 1.0
487 890572 4.0
489 11024 2.0
489 160510 2.0
490 716596 1.0
491 896949 3.0
492 204528 4.0
492 632870 2.0
492 816427 3.0
492 852205 5.0
492 931669 4.0
493 2146 2.0
493 145706 3.0
493 343169 2.0
495 140600 4.0
495 452691 3.0
495 682990 2.0
496 457554 2.0
498 424909 1.0
499 31395 3.0
499 278362 2.0
499 849356 2.0
499 859660 3.0
501 669046 3.0
503 867822 5.0
504 229541 1.0
505 706063 1.0
505 902090 3.0
506 230828 2.0
506 443949 3.0
506 449042 3.0
507 935223 2.0
507 952369 4.0
507 991681 4.0
508 174904 4.0
508 450978 2.0
510 180357 2.0
510 193883 1.0
510 746093 2.0
510 759033 1.0
511 230856 5.0
511 727969 3.0
511 901504 2.0
512 919187 1.0
513 126819 2.0
514 134044 3.0
515 32514 3.0
515 72003 2.0
515 961302 3.0
516 78370 2.0
516 120730 4.0
516 410982 1.0
516 518969 5.0
516 896441 3.0
517 206617 2.0
519 434194 4.0
520 788542 2.0
521 117778 4.0
521 478403 3.0
521 972954 4.0
522 114651 2.0
522 314430 2.0
522 408451 3.0
523 42433 2.0
523 225715 4.0
523 926995 3.0
524 741890 2.0
524 797697 3.0
524 879397 5.0
525 2145 2.0
525 198400 3.0
525 938309 2.0
527 429694 2.0
527 520801 3.0
527 617425 5.0
527 759648 3.0
527 793090 2.0
528 151707 4.0
528 235650 3.0
528 611146 3.0
529 797753 2.0
530 264908 4.0
530 970301 3.0
532 133261 5.0
532 203591 3.0
532 666930 4.0
532 970102 3.0
534 756016 1.0
535 385676 3.0
535 483089 1.0
536 433002 4.0
537 179309 4.0
537 517118 1.0
537 707705 3.0
538 189540 2.0
538 250076 4.0
538 314455 2.0
538 404070 4.0
538 601391 2.0
538 705852 4.0
538 830095 5.0
539 100802 4.0
540 648228 4.0
541 516758 1.0
541 672877 4.0
541 691365 3.0
541 972894 4.0
542 409692 4.0
542 693236 2.0
543 188346 4.0
543 363481 2.0
544 110982 3.0
544 187080 3.0
544 687001 4.0
545 447777 5.0
545 753280 4.0
547 317699 2.0
548 197337 2.0
548 645084 3.0
549 25983 2.0
549 35007 1.0
549 281573 3.0
549 283643 4.0
550 841112 2.0
551 145809 2.0
551 693099 4.0
551 946662 3.0
551 957500 5.0
552 203592 1.0
552 284037 3.0
553 108755 4.0
553 113255 2.0
553 153014 3.0
553 314593 3.0
554 313390 3.0
555 425412 5.0
555 850292 2.0
555 950739 4.0
556 865389 4.0
558 397160 1.0
559 958662 4.0
560 317572 3.0
561 44098 3.0
561 329471 2.0
561 962456 3.0
561 997674 5.0
562 40383 3.0
562 115410 2.0
562 505014 2.0
563 141824 2.0
563 545254 5.0
564 524096 3.0
564 662791 2.0
564 913285 3.0
564 922133 1.0
564 929755 1.0
564 936092 5.0
565 196839 3.0
565 964743 2.0
566 281894 1.0
566 906415 4.0
567 812122 4.0
567 863810 3.0
568 720282 4.0
569 288434 5.0
569 578741 5.0
570 269714 3.0
570 296068 2.0
571 760338 4.0
572 283025 2.0
572 643206 1.0
573 47624 3.0
573 418688 3.0
574 41825 3.0
575 142404 5.0
575 148744 5.0
575 157820 4.0
575 340187 3.0
575 652789 2.0
577 220359 1.0
577 382745 2.0
577 732758 4.0
577 868353 2.0
577 890397 1.0
578 45958 5.0
578 375160 2.0
578 683237 1.0
578 887848 2.0
579 28294 5.0
579 271225 3.0
579 478323 1.0
579 510883 2.0
579 879822 4.0
579 917295 2.0
580 581307 2.0
581 60523 3.0
581 62482 5.0
582 90952 5.0
582 861207 3.0
582 956973 4.0
583 248609 5.0
583 901111 4.0
583 928322 1.0
584 746917 1.0
585 868413 2.0
586 188539 2.0
587 783677 3.0
588 53648 4.0
588 592340 4.0
590 414819 3.0
590 632188 1.0
591 266884 3.0
591 774920 2.0
593 46318 3.0
594 143346 2.0
595 12543 3.0
595 608247 4.0
595 939057 5.0
596 821921 1.0
597 144706 4.0
597 395141 4.0
598 232954 4.0
599 177372 5.0
599 783442 2.0
600 983302 5.0
601 546024 3.0
602 950318 5.0
603 172730 3.0
603 475588 4.0
603 485712 3.0
603 646100 2.0
604 889294 2.0
605 57624 3.0
606 810731 2.0
607 114825 4.0
607 199770 4.0
607 317165 4.0
607 571948 1.0
607 590651 3.0
608 186177 3.0
608 238668 4.0
609 199272 2.0
609 350069 4.0
609 540337 1.0
609 660834 1.0
610 914974 1.0
612 129879 4.0
612 870741 3.0
612 922053 2.0
614 770629 4.0
616 91820 2.0
616 289557 5.0
616 670245 4.0
616 758626 4.0
616 809809 5.0
617 579285 4.0
618 241348 2.0
619 744608 2.0
621 663091 2.0
622 276537 4.0
622 795539 3.0
623 903331 1.0
624 130908 1.0
625 376597 3.0
625 997449 3.0
626 685175 5.0
626 853732 2.0
627 81066 4.0
627 998750 4.0
628 792914 5.0
629 955158 5.0
630 109600 1.0
631 163796 2.0
631 709255 3.0
631 817393 3.0
632 55590 3.0
632 75384 5.0
632 94933 2.0
632 456329 4.0
632 557665 1.0
632 990842 2.0
633 966097 5.0
637 51001 3.0
637 557414 3.0
637 633854 2.0
637 642510 4.0
637 832792 1.0
639 330881 4.0
640 215371 3.0
640 270604 5.0
640 403404 4.0
640 477111 4.0
640 534937 5.0
640 865465 2.0
641 249531 2.0
641 448439 3.0
642 517954 1.0
642 709015 4.0
642 869146 2.0
643 203021 5.0
643 748130 3.0
644 620115 2.0
645 233676 5.0
645 608506 3.0
646 307190 3.0
648 295422 5.0
648 445451 1.0
648 639295 4.0
648 644976 5.0
648 997811 3.0
649 614005 3.0
650 254701 2.0
650 637141 1.0
651 412465 3.0
651 494405 3.0
651 949508 4.0
652 293544 4.0
652 728567 3.0
652 974969 4.0
653 221539 4.0
653 355408 3.0
653 542259 2.0
653 701277 4.0
653 883967 4.0
654 126480 5.0
654 250140 4.0
654 487252 2.0
654 774222 4.0
654 966288 5.0
656 724423 3.0
657 560506 4.0
659 423738 4.0
659 795435 3.0
661 352594 4.0
661 822056 5.0
662 159640 2.0
662 211180 5.0
662 374376 4.0
663 60061 3.0
663 102778 2.0
664 13790 2.0
664 187568 4.0
664 614523 3.0
664 696534 2.0
664 855210 4.0
665 233859 3.0
665 334412 5.0
666 261284 2.0
667 440927 1.0
667 627554 4.0
668 231450 1.0
668 559864 5.0
668 603676 4.0
668 606564 4.0
668 612166 1.0
668 829268 4.0
669 375217 2.0
670 487247 3.0
670 595076 4.0
670 678971 5.0
671 594175 2.0
671 957175 2.0
672 739828 5.0
674 40224 2.0
674 106397 1.0
674 377843 3.0
674 424602 4.0
675 609879 2.0
675 824958 2.0
676 454523 3.0
678 106057 2.0
678 114955 3.0
678 619580 4.0
679 115367 2.0
680 582266 5.0
681 246105 3.0
681 379699 4.0
681 904475 2.0
682 204957 1.0
682 233862 4.0
682 287423 4.0
683 241019 5.0
684 4124 4.0
684 776394 2.0
686 822319 3.0
686 999849 4.0
687 274485 1.0
688 968345 3.0
689 548644 4.0
690 126817 2.0
691 735052 4.0
692 12449 4.0
692 37970 2.0
692 86721 4.0
692 719137 2.0
694 465776 1.0
694 719544 3.0
695 45483 5.0
696 823577 3.0
697 791764 1.0
698 77734 4.0
698 701593 3.0
699 79064 4.0
699 370788 4.0
699 755072 4.0
699 961994 3.0
700 816111 3.0
701 43356 4.0
701 48762 1.0
701 519816 2.0
701 583329 1.0
701 885689 4.0
701 917198 2.0
703 152390 1.0
703 244822 5.0
703 640163 2.0
704 91235 2.0
704 296774 3.0
704 705504 1.0
704 851363 4.0
704 959205 5.0
704 993227 2.0
705 785589 4.0
706 56365 4.0
707 871795 2.0
708 3700 1.0
708 984238 3.0
709 31333 5.0
709 138172 5.0
709 196264 5.0
709 737667 4.0
710 260953 5.0
711 412289 2.0
712 184818 2.0
713 5617 2.0
715 291356 2.0
716 648166 2.0
716 688630 2.0
717 746246 4.0
719 114154 3.0
719 125041 1.0
719 374884 2.0
719 707490 3.0
720 276737 2.0
720 363145 2.0
720 613890 3.0
720 939789 3.0
721 71795 4.0
721 171221 1.0
721 186750 3.0
721 261424 5.0
721 463749 2.0
721 536232 3.0
721 628954 3.0
721 743242 3.0
722 114225 5.0
722 263243 3.0
722 614271 3.0
722 807005 4.0
722 819861 5.0
722 952488 4.0
723 98287 2.0
723 593352 3.0
723 894696 4.0
724 141571 1.0
724 270985 4.0
724 823414 5.0
724 957777 5.0
725 671508 4.0
727 188768 3.0
727 672892 4.0
727 808487 2.0
728 618639 3.0
728 806401 2.0
729 252931 4.0
729 367621 4.0
730 126324 3.0
730 263089 2.0
730 357470 2.0
730 653935 1.0
731 392096 4.0
731 693761 4.0
731 783996 4.0
732 36353 5.0
732 215795 5.0
732 769090 4.0
732 844074 4.0
733 306840 2.0
733 481557 2.0
733 498940 4.0
733 691882 4.0
733 803644 4.0
733 902346 3.0
734 654463 4.0
734 692350 3.0
736 835922 2.0
736 868136 1.0
737 22354 4.0
737 140744 5.0
737 246320 5.0
737 785414 4.0
738 107300 3.0
738 617975 3.0
738 770133 1.0
739 269172 1.0
739 324061 3.0
739 404794 5.0
739 491512 4.0
739 716639 5.0
742 290975 5.0
742 642027 3.0
742 967514 3.0
742 998569 3.0
743 947164 3.0
744 786398 2.0
744 850527 2.0
745 872111 2.0
746 84232 5.0
746 446502 3.0
747 501302 3.0
748 293979 1.0
749 229969 2.0
749 683518 5.0
750 484833 4.0
751 279287 3.0
751 457330 3.0
751 541753 3.0
751 607410 2.0
752 556315 2.0
753 486787 3.0
754 140934 4.0
755 145381 2.0
755 731078 3.0
756 62751 5.0
756 188940 3.0
756 308644 1.0
756 338975 5.0
756 896409 4.0
756 978363 3.0
756 991757 3.0
757 325872 4.0
757 434655 3.0
757 749631 1.0
758 396509 1.0
758 760443 2.0
758 939923 3.0
758 974569 4.0
759 737947 4.0
760 396537 1.0
760 468256 3.0
761 496843 2.0
761 712403 3.0
761 896861 4.0
763 292735 4.0
763 437190 5.0
763 626896 1.0
763 761000 1.0
764 302660 5.0
764 517561 5.0
765 26303 4.0
765 31042 3.0
765 242904 4.0
765 521390 1.0
765 646435 2.0
766 3553 4.0
766 334679 2.0
766 407864 1.0
766 813443 2.0
766 875696 3.0
767 80242 2.0
767 340410 3.0
767 725722 4.0
769 330105 4.0
769 477239 5.0
769 622181 3.0
770 101160 4.0
770 111777 4.0
770 646792 2.0
770 902740 5.0
771 243069 4.0
772 656056 2.0
773 92286 5.0
773 384972 5.0
774 27491 2.0
774 647678 2.0
774 705631 1.0
774 866837 3.0
776 103732 1.0
776 889644 4.0
777 268293 4.0
777 761432 2.0
779 230471 4.0
780 831925 2.0
781 513442 5.0
781 674247 4.0
781 979563 3.0
782 170449 4.0
782 724397 1.0
783 360840 2.0
783 906781 2.0
785 91848 3.0
785 237683 1.0
786 731422 3.0
787 73116 4.0
787 379885 1.0
789 818859 3.0
790 30034 2.0
790 457868 1.0
793 343432 2.0
793 803937 3.0
795 499518 3.0
796 141487 2.0
796 386913 2.0
796 445328 2.0
796 457654 5.0
796 520358 2.0
796 869213 4.0
797 575652 2.0
798 979595 4.0
802 335051 2.0
802 968432 3.0
803 95306 1.0
803 865414 2.0
803 940654 4.0
804 178650 4.0
805 14654 4.0
805 53179 3.0
805 999220 4.0
806 901848 2.0
806 929060 2.0
807 357471 2.0
808 124480 2.0
808 995984 5.0
809 477744 5.0
809 729476 3.0
809 949046 1.0
811 214377 2.0
811 879551 2.0
811 971961 5.0
811 976594 2.0
813 131703 2.0
813 308995 3.0
813 886662 5.0
814 171343 4.0
814 591485 2.0
814 921904 1.0
814 998000 3.0
816 511563 5.0
816 777960 2.0
817 242697 5.0
817 388277 4.0
817 438187 5.0
817 599893 3.0
818 496839 4.0
820 774419 1.0
820 862802 4.0
821 181448 4.0
821 258056 2.0
821 288143 5.0
821 321166 2.0
821 340644 5.0
821 652855 3.0
821 799469 4.0
822 146339 3.0
822 152721 2.0
824 986970 4.0
825 990801 4.0
827 540524 2.0
827 908295 1.0
828 902380 4.0
829 33575 1.0
829 59122 4.0
829 149021 3.0
829 852392 4.0
830 68111 2.0
830 536798 4.0
830 829445 2.0
831 61832 4.0
832 221684 1.0
832 362305 4.0
833 647846 5.0
833 986065 4.0
834 475395 2.0
835 216660 3.0
835 333450 5.0
835 427052 4.0
836 158776 3.0
836 221700 4.0
836 235678 3.0
836 288569 1.0
838 192483 4.0
839 243443 4.0
839 370978 5.0
839 831591 4.0
840 192778 5.0
841 528386 3.0
842 9403 3.0
843 557770 4.0
843 643698 5.0
843 735623 3.0
844 86454 1.0
844 406449 2.0
845 184697 1.0
846 11468 4.0
846 255297 3.0
846 263345 4.0
847 529529 2.0
847 670592 5.0
848 632249 3.0
848 959257 3.0
849 23087 4.0
849 943515 1.0
850 540529 4.0
851 358789 4.0
852 260675 2.0
852 774491 4.0
852 831938 4.0
854 187236 3.0
854 299695 3.0
854 637511 2.0
855 632965 2.0
855 886550 2.0
857 572781 3.0
857 610725 2.0
857 728859 4.0
859 98960 4.0
859 324722 4.0
860 11620 5.0
860 556563 4.0
860 873849 2.0
860 906744 2.0
861 660350 4.0
861 790914 4.0
863 44715 2.0
863 334755 2.0
863 709156 3.0
863 738806 1.0
863 828006 4.0
864 41068 3.0
864 139730 1.0
866 308487 3.0
867 275616 3.0
867 448642 4.0
867 468366 5.0
868 212792 3.0
868 857209 2.0
869 294527 2.0
869 582573 2.0
869 642853 4.0
869 960377 5.0
870 7972 3.0
870 52903 5.0
870 592742 2.0
872 856970 2.0
873 347725 5.0
874 557142 2.0
874 663142 2.0
874 967397 4.0
875 127641 2.0
875 216509 4.0
876 54288 3.0
876 68690 1.0
876 127603 4.0
877 299837 5.0
877 386683 4.0
877 441831 2.0
877 642540 4.0
877 788337 4.0
878 663054 4.0
878 834235 5.0
878 879343 4.0
878 951397 5.0
879 731804 2.0
879 788521 5.0
880 156570 4.0
880 426810 1.0
880 784148 4.0
880 873449 4.0
880 967181 3.0
881 764349 5.0
882 169247 2.0
882 371692 3.0
882 681967 3.0
882 811199 4.0
882 918895 5.0
883 131116 5.0
883 169353 3.0
883 446414 2.0
883 530931 5.0
884 32627 2.0
884 744038 2.0
885 394983 4.0
885 546540 1.0
885 549268 2.0
886 835725 5.0
887 926319 1.0
888 418588 5.0
888 807386 2.0
889 181780 3.0
889 968943 3.0
890 278952 4.0
892 658677 3.0
893 720432 4.0
894 463202 5.0
895 83402 2.0
895 167583 3.0
895 724663 2.0
895 847190 4.0
895 974870 2.0
896 186333 1.0
896 704480 2.0
896 897470 4.0
897 468634 3.0
898 407432 2.0
899 164433 5.0
899 557766 3.0
900 18093 2.0
900 582156 4.0
901 967924 4.0
902 73811 2.0
902 82749 3.0
902 284114 1.0
902 903628 2.0
903 255959 5.0
903 943295 5.0
904 514294 5.0
904 737331 2.0
906 402906 4.0
906 471419 5.0
906 691350 5.0
908 117816 3.0
908 197407 4.0
908 658050 5.0
910 312491 4.0
911 974015 2.0
912 277904 4.0
913 180963 2.0
913 329557 2.0
913 918433 1.0
914 525553 2.0
915 446574 1.0
915 527263 3.0
915 602611 1.0
915 877320 2.0
915 958717 4.0
916 120628 4.0
916 541814 3.0
916 634612 3.0
916 942684 4.0
918 213826 3.0
918 405033 4.0
918 569368 3.0
918 770067 3.0
919 698070 2.0
919 815515 2.0
920 205889 1.0
922 391709 1.0
922 690616 3.0
923 93951 4.0
923 628339 3.0
923 913474 1.0
924 384304 2.0
925 403532 2.0
925 530805 4.0
925 683848 5.0
925 809439 5.0
925 890970 1.0
925 922292 3.0
926 43801 1.0
926 185998 4.0
926 546580 3.0
927 18848 3.0
927 36334 3.0
927 138489 5.0
927 231750 2.0
927 693891 2.0
927 987103 2.0
929 211622 3.0
929 617491 3.0
930 849260 4.0
931 171610 3.0
931 785106 3.0
931 857879 4.0
933 20882 4.0
933 407751 2.0
933 497649 4.0
934 1645 2.0
934 89342 4.0
934 281499 2.0
934 311712 3.0
934 896216 5.0
935 536140 2.0
935 912475 2.0
936 582704 1.0
937 17806 4.0
937 209646 1.0
937 473306 4.0
937 558489 3.0
937 690230 4.0
937 705591 2.0
937 845313 1.0
938 788364 3.0
939 192911 3.0
939 602878 2.0
939 662029 3.0
939 732443 3.0
939 912413 3.0
940 15300 5.0
942 48550 4.0
942 81823 2.0
942 231387 3.0
943 449369 1.0
943 632803 1.0
945 806766 4.0
945 973870 1.0
946 204120 5.0
946 388484 4.0
946 389634 3.0
946 758656 5.0
946 965027 5.0
947 140221 3.0
947 196253 5.0
947 399837 4.0
947 696029 3.0
947 721954 2.0
947 913898 1.0
949 347831 1.0
949 558914 3.0
950 340888 1.0
950 449217 2.0
950 798398 2.0
951 32576 3.0
951 136228 3.0
951 501557 3.0
951 823952 2.0
952 44535 2.0
952 383974 5.0
952 413638 3.0
952 964003 4.0
953 257179 3.0
953 841029 2.0
953 861000 2.0
956 382481 2.0
956 804758 3.0
956 906777 4.0
957 259960 1.0
957 825427 2.0
958 441293 2.0
959 1680 4.0
959 263336 4.0
959 432918 3.0
959 972829 1.0
961 187302 3.0
961 315024 2.0
961 759401 1.0
962 559591 2.0
963 186845 2.0
963 470161 3.0
964 82287 4.0
964 329735 3.0
964 854181 1.0
965 392745 2.0
965 726954 3.0
966 640203 3.0
966 641187 2.0
966 881707 1.0
968 351828 4.0
968 872025 3.0
969 179580 5.0
970 411990 3.0
970 884234 1.0
971 435944 5.0
971 564294 3.0
971 603305 2.0
971 822328 3.0
971 989523 4.0
972 338676 2.0
972 423881 2.0
972 433947 5.0
972 773183 4.0
972 966709 2.0
973 79057 4.0
973 618694 2.0
973 882625 5.0
974 177046 3.0
974 254766 2.0
974 437397 4.0
974 724239 4.0
974 749985 4.0
974 790290 4.0
975 49850 2.0
975 230379 4.0
975 426199 3.0
975 446108 4.0
975 877314 1.0
977 223263 4.0
977 658568 2.0
977 753066 4.0
977 798108 1.0
977 812915 2.0
977 846700 4.0
978 383246 4.0
978 501463 2.0
978 511571 5.0
978 568890 3.0
978 647912 2.0
978 715320 2.0
978 894810 4.0
978 972372 4.0
979 3957 5.0
979 912577 5.0
980 178342 5.0
980 372837 3.0
980 708440 3.0
980 862289 2.0
982 454081 3.0
982 637433 5.0
983 402183 4.0
983 615731 1.0
983 888157 4.0
983 894711 2.0
984 19709 4.0
984 54886 3.0
984 268952 1.0
984 800300 2.0
985 100312 3.0
986 36118 3.0
988 100289 3.0
988 607549 3.0
989 165296 2.0
989 870810 1.0
989 957408 4.0
989 967952 4.0
991 151550 4.0
991 398416 3.0
991 439101 2.0
991 537388 1.0
992 115366 3.0
992 224932 5.0
992 575835 5.0
992 950535 3.0
995 652746 3.0
996 384598 2.0
996 414133 3.0
997 285367 1.0
997 382326 4.0
998 128974 2.0
999 465036 5.0
999 763762 1.0
